case46: (-117.95210750790665, 0.06675337910732243)
case47: (-29.632777951288237, 0.03171073371530601)
case48: (-30.179997460419074, 0.03836523913015427)
