case100: (-28.149694587397125, 0.04704314746603185)
case101: (-29.88462238539706, 0.9460058173567443)
case102: (-27.817513562443665, 0.12840138438746726)
case100: (-28.149694587397125, 0.04704314746603185)
case101: (-29.88462238539706, 0.9460058173567443)
case102: (-27.817513562443665, 0.12840138438746726)
case103: (-26.782969580862, 0.04881658586575985)
case104: (-30.54725875737037, 0.14246561785203787)
case105: (-28.623615118313925, 0.32359836328362296)
case106: (-30.59539746187843, 0.06824195532995393)
case107: (-27.76102043199918, 0.057433788850317274)
case100: (-28.149694587397125, 0.04704314746603185)
case101: (-29.88462238539706, 0.9460058173567443)
case102: (-27.817513562443665, 0.12840138438746726)
case103: (-26.782969580862, 0.04881658586575985)
case104: (-30.54725875737037, 0.14246561785203787)
case105: (-28.623615118313925, 0.32359836328362296)
case106: (-30.59539746187843, 0.06824195532995393)
case107: (-27.76102043199918, 0.057433788850317274)
case107: (-27.76102043199918, 0.057433788850317274)
case108: (-28.323300030856327, 0.017863252146691287)
case109: (-26.924355551363973, 0.02360377452720706)
case110: (-27.291287874243174, 0.05565993521260516)
case111: (-27.271878008794104, 0.033343866845805994)
case112: (-31.31845762465546, 0.01956721850951379)
case113: (-28.519512381817275, 0.026815105410979877)
case114: (-28.278629480620758, 0.03759129514076808)
case115: (-27.610625161499907, 0.023067911427301233)
case116: (-28.723906302662225, 0.5497093911030183)
case117: (-26.99221159137728, 0.03921340135189314)
case118: (-28.865128243909137, 0.046788249674179966)
case119: (-30.070926881551042, 0.0390902166187212)
case120: (-28.715319382888346, 0.016900644020951237)
case121: (-28.99700698376198, 0.031009341444912405)
case122: (-29.91094398631275, 0.17062371548666194)
case123: (-29.358743328465835, 0.01908767632612206)
case124: (-30.4812770596134, 0.04943528349611136)
case125: (-26.990692840175612, 0.12435596011356263)
case126: (-25.36790364419186, 0.5333281175609461)
case127: (-28.38214451542447, 0.03179412408060498)
case128: (-28.435709138160302, 0.04887498345206205)
case129: (-29.34913294805972, 0.1207092799804307)
case130: (-29.305294783500344, 0.019173137515951195)
case131: (-32.921286512975826, 0.020925902115803783)
