case00: (-41.32181348947411, 0.05071151637590539)
case01: (-32.346876557731726, 0.33785800446814146)
case02: (-32.37047408075318, 0.019739061085191346)
case03: (-35.96726969008057, 0.037277359610406416)
case04: (-44.333348534228065, 0.0298161914494632)
case05: (-270.12164589935645, 0.011990351893647774)
case06: (-36.61485918557341, 0.027055561804517875)
case07: (-46.58117265659564, 0.11280518234201035)
case08: (-30.814081670566193, 0.031032169562646934)
case09: (-27.97508465897713, 0.016392447758208584)
case10: (-28.599544015163584, 0.19933088457866271)
case11: (-54.37210350987936, 0.023727719749351752)
case12: (-40.34429096592246, 0.07312512196692227)
case13: (-113.80071999377421, 0.05148560290682582)
case14: (-29.265310971331946, 0.03732513077236021)
case15: (-32.07885703774945, 0.016135682076498188)
case16: (-34.238619907746816, 0.01436721786291557)
case17: (-31.713906765349748, 0.17922746320830477)
case18: (-29.015703370627637, 0.028723285886033924)
case19: (-28.285511698000196, 0.05666551386324963)
case20: (-103.3952993542257, 0.06485449950236054)
case21: (-42.692809969559725, 0.02610790310531759)
case22: (-45.13219999037399, 0.027042665194944398)
case23: (-31.00708911022431, 0.01850066760873474)
case24: (-32.55117466004069, 0.01767590626773886)
case25: (-62.86750966574406, 0.041558801455667996)
case26: (-34.062938738826595, 0.015395782440870743)
case27: (-42.55975096323158, 0.02732210061154922)
case28: (-125.12431409958423, 0.018546798389371736)
case29: (-450.6741499178252, 0.5503421977693573)
case30: (-39.59324491467446, 0.07903974881727661)
case31: (-42.00929030154776, 0.03447986113058955)
case32: (-28.586252130676247, 0.018571640243051468)
case33: (-82.11998020135995, 0.020814416702904372)
case34: (-272.79205023369195, 0.030981441511901797)
case35: (-64.42573081073273, 0.022215523615588012)
case36: (-63.28740019944749, 0.017076830174702455)
case37: (-30.49218733087729, 0.3377790702403894)
case38: (-68.51061718916783, 0.0989722655450658)
case39: (-30.612600449841697, 0.012239253090371244)
case40: (-38.64644170263385, 0.7145725188834098)
case41: (-32.5566367609096, 0.01609736291099519)
case42: (-50.29168033233285, 0.0189393417202935)
case43: (-38.6368230484086, 0.02509961381226955)
