case46: (-46.56198659444158, 0.07425799142589837)
case47: (-42.77994430205744, 0.050929718805308964)
