case00: (-48.63318587946346, 0.20594451643933165)
case01: (-52.63836031768984, 0.02077994949260296)
case02: (-50.87316987687794, 0.18717954919730576)
case03: (-51.30054486865952, 0.023652862810771367)
case04: (-46.6293986942868, 0.18603193756793085)
case05: (-44.27444525793998, 0.08184581242144763)
case06: (-43.87957723560639, 0.03222837685627516)
case07: (-46.844423687211766, 0.04267884155705351)
case08: (-48.500185136199455, 0.0914255687208313)
case09: (-42.7278943844892, 0.02163215819073631)
case10: (-42.91822083541651, 0.07181221629479398)
case11: (-46.37178087893524, 0.2608199513989408)
case12: (-45.034185791438475, 0.08869764739851868)
case13: (-44.840347462922075, 0.047714737988469626)
case14: (-41.685558060580355, 0.18828308225110765)
case15: (-43.63729672576149, 0.19507114307406745)
case16: (-53.305001354433905, 0.046843426178932876)
case17: (-46.18533089939911, 0.0633668694606636)
case18: (-42.73769503815516, 0.09046934087187831)
case19: (-42.058779020094654, 0.09301141937009991)
case20: (-46.31795144172403, 0.1453754341974005)
case21: (-41.92117707500157, 0.051257454234004615)
case22: (-41.457318429383896, 0.8443049134071992)
case23: (-47.559418550420254, 0.07537744855404636)
case24: (-44.73951291072477, 0.04640123031951269)
case25: (-46.27600597845615, 0.11006781242560923)
case26: (-41.499681720919746, 0.052301835315911)
case27: (-45.31875992792126, 0.10688725175410492)
case28: (-43.44980204495513, 0.054531998406594576)
case29: (-45.39081227465504, 0.465232944077279)
case30: (-49.15150661361258, 0.5626354886843877)
case31: (-43.482538811965945, 0.0699712956092784)
case32: (-42.641940999023795, 0.020636484721775622)
case33: (-45.3114648222937, 0.2638962181905372)
case34: (-44.624329837971274, 0.019721297629464046)
case35: (-46.662531923890405, 0.06384296224717509)
case36: (-46.63035544872042, 0.07586727027616294)
case37: (-46.54145736905564, 0.045130876923528185)
case38: (-45.645250562335164, 0.13167281502398642)
case39: (-41.659889334631075, 0.037785603755889845)
case40: (-44.772960598472416, 0.0706052531532128)
case41: (-46.930899040888455, 0.1085142165263921)
case42: (-43.61540395632525, 0.27571260474910636)
