case46: (-46.56198659444158, 0.07425799142589837)
case47: (-42.77994430205744, 0.050929718805308964)
case48: (-44.10059483481124, 0.03618519335754969)
case48: (-44.10059483481124, 0.03618519335754969)
case48: (-44.10059483481124, 0.03618519335754969)
case48: (-44.10059483481124, 0.03618519335754969)
case50: (-41.21021100242296, 0.1878850520524283)
case51: (-43.62157968438115, 0.08024544352624376)
case52: (-50.28589758424266, 0.039471166254345956)
case53: (-45.58443719853629, 0.10455485045234246)
case54: (-48.067925512661546, 0.06675814778127291)
case55: (-43.24806570685033, 0.05733706638518271)
case55: (-43.24806570685033, 0.05733706638518271)
case57: (-47.81010976699851, 0.4454120694533771)
case58: (-49.29469297643216, 0.08457002091048237)
case59: (-42.080458411953416, 0.17187634151787554)
case60: (-41.00580746589934, 0.03572605233372519)
case61: (-41.74836232730981, 0.059095448999742096)
case62: (-42.978147497311326, 0.0979105317968376)
