case46: (-117.95210750790665, 0.06675337910732243)
case47: (-29.632777951288237, 0.03171073371530601)
case48: (-30.179997460419074, 0.03836523913015427)
case48: (-30.179997460419074, 0.03836523913015427)
case49: (-182.87030175874995, 0.9999999086831188)
case48: (-30.179997460419074, 0.03836523913015427)
case48: (-30.179997460419074, 0.03836523913015427)
case50: (-26.83928973819201, 0.05335613299995801)
case51: (-30.594947613551046, 0.027653926820344645)
case52: (-39.61170341384902, 0.012572953939196363)
case53: (-28.75552202488419, 0.10558613661366228)
case54: (-141.94304288775623, 0.28282480612319477)
case55: (-29.498738281872956, 0.01421868581986316)
case55: (-29.498738281872956, 0.01421868581986316)
case57: (-108.69820314663819, 0.2942956287198406)
case58: (-34.34278451954793, 0.048992183309035396)
case59: (-30.847744410761013, 0.02049727802483407)
case60: (-27.689789318222342, 0.05463455136081361)
case61: (-27.103008205322737, 0.49115648970674536)
case62: (-71.7357064127931, 0.016049683820401926)
case63: (-32.39717961045112, 0.009501153253034711)
