case100: (-41.827641641395466, 0.026262118343703265)
case101: (-50.98850186684043, 0.027245523400469093)
case102: (-41.382913912737685, 0.05157633955832494)
case100: (-41.827641641395466, 0.026262118343703265)
case101: (-50.98850186684043, 0.027245523400469093)
case102: (-41.382913912737685, 0.05157633955832494)
case103: (-41.102941627650964, 0.06129578006525389)
case104: (-47.341162100075564, 0.06288295544657485)
case105: (-43.59519097388202, 0.058028079667428976)
case106: (-46.60705009007649, 0.13282188703322778)
case107: (-42.58026574930664, 0.7660264369829479)
case100: (-41.827641641395466, 0.026262118343703265)
case101: (-50.98850186684043, 0.027245523400469093)
case102: (-41.382913912737685, 0.05157633955832494)
case103: (-41.102941627650964, 0.06129578006525389)
case104: (-47.341162100075564, 0.06288295544657485)
case105: (-43.59519097388202, 0.058028079667428976)
case106: (-46.60705009007649, 0.13282188703322778)
case107: (-42.58026574930664, 0.7660264369829479)
case107: (-42.58026574930664, 0.7660264369829479)
case108: (-45.33220503641455, 0.10328066245331848)
case109: (-41.90572762144461, 0.033632013366239326)
case110: (-41.14689526849976, 0.2655029191719931)
case111: (-41.27004744764972, 0.39964070793169215)
case112: (-46.9858546386503, 0.04236795509081721)
case113: (-43.92906289059021, 0.7030875417324226)
case114: (-42.10216990485664, 0.052665410863159096)
case115: (-43.397612957770285, 0.07590772638623475)
case116: (-44.709396687241075, 0.2253815850708682)
case117: (-42.38347919713099, 0.09761320432838923)
case118: (-44.58575280546759, 0.16876049571589447)
case118: (-44.58575280546759, 0.16876049571589447)
case119: (-48.637359555590045, 0.10759306889863002)
case120: (-43.12271541652799, 0.04158574684465014)
case121: (-44.302500556297495, 0.08926632563433841)
case122: (-45.976182955998034, 0.07266335091698344)
case123: (-45.41569288923371, 0.0817286557501777)
case124: (-46.30866409355677, 0.20846440441879327)
case125: (-41.984376146060335, 0.04203157335813781)
case126: (-40.906403940346124, 0.16792617177339178)
case127: (-44.6433358536363, 0.0907712916236522)
case128: (-43.67184711144284, 0.22776987460857195)
case129: (-44.455082854305175, 0.024228269370946572)
case130: (-45.433922780083236, 0.03209228410724525)
case131: (-47.017042691880725, 0.9849364748005973)
case132: (-52.3786180858336, 0.3402195986124669)
